# Summary

Date : 2024-04-18 23:26:02

Directory c:\\Users\\vmlad\\Downloads\\OMEGA-Hustle\\OMEGA-Hustle\\WEB

Total : 15 files,  1630 codes, 70 comments, 260 blanks, all 1960 lines

Summary / [Details](details.md) / [Diff Summary](diff.md) / [Diff Details](diff-details.md)

## Languages
| language | files | code | comment | blank | total |
| :--- | ---: | ---: | ---: | ---: | ---: |
| HTML | 6 | 873 | 31 | 60 | 964 |
| Python | 8 | 682 | 34 | 189 | 905 |
| JavaScript | 1 | 75 | 5 | 11 | 91 |

## Directories
| path | files | code | comment | blank | total |
| :--- | ---: | ---: | ---: | ---: | ---: |
| . | 15 | 1,630 | 70 | 260 | 1,960 |
| . (Files) | 8 | 682 | 34 | 189 | 905 |
| static | 1 | 75 | 5 | 11 | 91 |
| templates | 6 | 873 | 31 | 60 | 964 |

Summary / [Details](details.md) / [Diff Summary](diff.md) / [Diff Details](diff-details.md)