# Summary

Date : 2024-04-18 22:57:18

Directory c:\\Users\\vmlad\\Downloads\\OMEGA-Hustle\\OMEGA-Hustle\\WEB

Total : 14 files,  1528 codes, 70 comments, 250 blanks, all 1848 lines

Summary / [Details](details.md) / [Diff Summary](diff.md) / [Diff Details](diff-details.md)

## Languages
| language | files | code | comment | blank | total |
| :--- | ---: | ---: | ---: | ---: | ---: |
| HTML | 6 | 873 | 31 | 60 | 964 |
| Python | 7 | 580 | 34 | 179 | 793 |
| JavaScript | 1 | 75 | 5 | 11 | 91 |

## Directories
| path | files | code | comment | blank | total |
| :--- | ---: | ---: | ---: | ---: | ---: |
| . | 14 | 1,528 | 70 | 250 | 1,848 |
| . (Files) | 7 | 580 | 34 | 179 | 793 |
| static | 1 | 75 | 5 | 11 | 91 |
| templates | 6 | 873 | 31 | 60 | 964 |

Summary / [Details](details.md) / [Diff Summary](diff.md) / [Diff Details](diff-details.md)