# Summary

Date : 2024-04-18 22:20:39

Directory c:\\Users\\vmlad\\Downloads\\OMEGA-Hustle\\OMEGA-Hustle\\WEB

Total : 14 files,  1442 codes, 70 comments, 238 blanks, all 1750 lines

Summary / [Details](details.md) / [Diff Summary](diff.md) / [Diff Details](diff-details.md)

## Languages
| language | files | code | comment | blank | total |
| :--- | ---: | ---: | ---: | ---: | ---: |
| HTML | 6 | 822 | 31 | 57 | 910 |
| Python | 7 | 545 | 34 | 170 | 749 |
| JavaScript | 1 | 75 | 5 | 11 | 91 |

## Directories
| path | files | code | comment | blank | total |
| :--- | ---: | ---: | ---: | ---: | ---: |
| . | 14 | 1,442 | 70 | 238 | 1,750 |
| . (Files) | 7 | 545 | 34 | 170 | 749 |
| static | 1 | 75 | 5 | 11 | 91 |
| templates | 6 | 822 | 31 | 57 | 910 |

Summary / [Details](details.md) / [Diff Summary](diff.md) / [Diff Details](diff-details.md)