# Summary

Date : 2024-04-18 22:43:50

Directory c:\\Users\\vmlad\\Downloads\\OMEGA-Hustle\\OMEGA-Hustle\\WEB

Total : 14 files,  1516 codes, 70 comments, 248 blanks, all 1834 lines

Summary / [Details](details.md) / [Diff Summary](diff.md) / [Diff Details](diff-details.md)

## Languages
| language | files | code | comment | blank | total |
| :--- | ---: | ---: | ---: | ---: | ---: |
| HTML | 6 | 873 | 31 | 60 | 964 |
| Python | 7 | 568 | 34 | 177 | 779 |
| JavaScript | 1 | 75 | 5 | 11 | 91 |

## Directories
| path | files | code | comment | blank | total |
| :--- | ---: | ---: | ---: | ---: | ---: |
| . | 14 | 1,516 | 70 | 248 | 1,834 |
| . (Files) | 7 | 568 | 34 | 177 | 779 |
| static | 1 | 75 | 5 | 11 | 91 |
| templates | 6 | 873 | 31 | 60 | 964 |

Summary / [Details](details.md) / [Diff Summary](diff.md) / [Diff Details](diff-details.md)